7 0.0687593423019432 0.5948275862068966 0.0343796711509716 0.40086206896551724
7 0.14947683109118087 0.5732758620689655 0.035127055306427506 0.3620689655172414
7 0.23243647234678624 0.5818965517241379 0.032137518684603884 0.33189655172413796
7 0.3109118086696562 0.5775862068965517 0.0343796711509716 0.33620689655172414
7 0.3834080717488789 0.5862068965517241 0.033632286995515695 0.3620689655172414
7 0.461136023916293 0.5732758620689655 0.04035874439461883 0.3146551724137931
7 0.547085201793722 0.5646551724137931 0.03288490284005979 0.35344827586206895
7 0.6270553064275037 0.5775862068965517 0.04110612855007474 0.34913793103448276
7 0.6943198804185351 0.5732758620689655 0.03736920777279522 0.3620689655172414
7 0.7772795216741405 0.5905172413793104 0.0343796711509716 0.35344827586206895
7 0.8572496263079222 0.5905172413793104 0.0343796711509716 0.34051724137931033
7 0.9394618834080718 0.5991379310344828 0.03662182361733931 0.3706896551724138