5 0.07399103139013453 0.5474137931034483 0.03736920777279522 0.3275862068965517
5 0.1576980568011958 0.5603448275862069 0.03662182361733931 0.34913793103448276
5 0.2257100149476831 0.5387931034482759 0.03961136023916293 0.33189655172413796
5 0.3071748878923767 0.5474137931034483 0.03811659192825112 0.31896551724137934
5 0.38714499252615847 0.5517241379310345 0.03736920777279522 0.33189655172413796
5 0.47234678624813153 0.5517241379310345 0.033632286995515695 0.3146551724137931
5 0.5411061285500748 0.5603448275862069 0.03886397608370702 0.3620689655172414
5 0.6210762331838565 0.5603448275862069 0.032137518684603884 0.375
5 0.703288490284006 0.5431034482758621 0.03662182361733931 0.36637931034482757
5 0.7720478325859492 0.5603448275862069 0.03587443946188341 0.34913793103448276
5 0.851270553064275 0.5344827586206896 0.03662182361733931 0.34913793103448276
5 0.9334828101644245 0.5431034482758621 0.0343796711509716 0.3448275862068966