1 0.06950672645739911 0.5603448275862069 0.03587443946188341 0.34913793103448276
1 0.15097159940209268 0.5474137931034483 0.029895366218236172 0.3275862068965517
1 0.23094170403587444 0.5646551724137931 0.03662182361733931 0.35344827586206895
1 0.29970104633781763 0.5560344827586207 0.033632286995515695 0.35344827586206895
1 0.3819133034379671 0.5603448275862069 0.03139013452914798 0.3620689655172414
1 0.461136023916293 0.5732758620689655 0.03886397608370702 0.375
1 0.5448430493273543 0.5732758620689655 0.03662182361733931 0.3706896551724138
1 0.6278026905829597 0.5646551724137931 0.033632286995515695 0.35344827586206895
1 0.7070254110612855 0.5603448275862069 0.03288490284005979 0.34913793103448276
1 0.7802690582959642 0.5646551724137931 0.03662182361733931 0.4396551724137931
1 0.8632286995515696 0.5560344827586207 0.03662182361733931 0.39655172413793105
1 0.9469357249626308 0.5560344827586207 0.03587443946188341 0.40948275862068967