9 0.06576980568011959 0.5905172413793104 0.03662182361733931 0.33620689655172414
9 0.15097159940209268 0.5905172413793104 0.03961136023916293 0.33620689655172414
9 0.22944693572496264 0.5991379310344828 0.03662182361733931 0.34051724137931033
9 0.3094170403587444 0.5991379310344828 0.03662182361733931 0.3706896551724138
9 0.3811659192825112 0.5818965517241379 0.04110612855007474 0.33189655172413796
9 0.4648729446935725 0.5862068965517241 0.03736920777279522 0.36637931034482757
9 0.5411061285500748 0.5991379310344828 0.03736920777279522 0.3706896551724138
9 0.6263079222720478 0.5862068965517241 0.029895366218236172 0.3103448275862069
9 0.6943198804185351 0.5862068965517241 0.03139013452914798 0.3103448275862069
9 0.7750373692077728 0.5991379310344828 0.03811659192825112 0.3448275862068966
9 0.8587443946188341 0.5905172413793104 0.04035874439461883 0.3922413793103448
9 0.9260089686098655 0.6120689655172413 0.03736920777279522 0.36637931034482757