7 0.07025411061285501 0.5818965517241379 0.03662182361733931 0.33620689655172414
7 0.15022421524663676 0.5560344827586207 0.03587443946188341 0.34051724137931033
7 0.23019431988041852 0.5862068965517241 0.03811659192825112 0.3879310344827586
7 0.312406576980568 0.5603448275862069 0.03886397608370702 0.34913793103448276
7 0.3811659192825112 0.5862068965517241 0.04110612855007474 0.3620689655172414
7 0.4656203288490284 0.5689655172413793 0.045590433482810166 0.35344827586206895
7 0.5455904334828101 0.5818965517241379 0.04035874439461883 0.33620689655172414
7 0.6263079222720478 0.5818965517241379 0.03961136023916293 0.33189655172413796
7 0.695814648729447 0.5775862068965517 0.03662182361733931 0.3706896551724138
7 0.7750373692077728 0.5862068965517241 0.03961136023916293 0.34051724137931033
7 0.8579970104633782 0.5862068965517241 0.04110612855007474 0.34051724137931033
7 0.9409566517189836 0.5862068965517241 0.03662182361733931 0.3620689655172414