4 0.07399103139013453 0.6077586206896551 0.04708520179372197 0.43103448275862066
4 0.14275037369207771 0.5732758620689655 0.04185351270553064 0.30603448275862066
4 0.226457399103139 0.5991379310344828 0.045590433482810166 0.3706896551724138
4 0.30792227204783257 0.5991379310344828 0.04185351270553064 0.36637931034482757
4 0.3901345291479821 0.5905172413793104 0.043348281016442454 0.3232758620689655
4 0.47159940209267565 0.5862068965517241 0.033632286995515695 0.30603448275862066
4 0.5515695067264574 0.6120689655172413 0.0343796711509716 0.34913793103448276
4 0.6203288490284006 0.5991379310344828 0.03587443946188341 0.3275862068965517
4 0.6973094170403588 0.5818965517241379 0.035127055306427506 0.30603448275862066
4 0.7713004484304933 0.603448275862069 0.043348281016442454 0.33189655172413796
4 0.8482810164424515 0.5948275862068966 0.03886397608370702 0.3017241379310345
4 0.9312406576980568 0.6077586206896551 0.03886397608370702 0.3620689655172414