9 0.0687593423019432 0.6077586206896551 0.03736920777279522 0.3577586206896552
9 0.14947683109118087 0.603448275862069 0.03886397608370702 0.3275862068965517
9 0.22869955156950672 0.5948275862068966 0.04035874439461883 0.3275862068965517
9 0.3116591928251121 0.5991379310344828 0.03961136023916293 0.3706896551724138
9 0.3789237668161435 0.5775862068965517 0.042600896860986545 0.3275862068965517
9 0.461136023916293 0.5991379310344828 0.04185351270553064 0.34051724137931033
9 0.5433482810164425 0.5862068965517241 0.04110612855007474 0.35344827586206895
9 0.625560538116592 0.5862068965517241 0.04110612855007474 0.33189655172413796
9 0.6913303437967115 0.5948275862068966 0.03587443946188341 0.3275862068965517
9 0.7742899850523169 0.5905172413793104 0.04185351270553064 0.35344827586206895
9 0.8565022421524664 0.5818965517241379 0.04110612855007474 0.33189655172413796
9 0.9252615844544095 0.5905172413793104 0.03587443946188341 0.35344827586206895