5 0.07772795216741404 0.5258620689655172 0.03288490284005979 0.375
5 0.156203288490284 0.5603448275862069 0.03886397608370702 0.3620689655172414
5 0.22720478325859492 0.5560344827586207 0.04110612855007474 0.3922413793103448
5 0.3064275037369208 0.5258620689655172 0.04484304932735426 0.34913793103448276
5 0.3901345291479821 0.5517241379310345 0.035127055306427506 0.3448275862068966
5 0.47085201793721976 0.5474137931034483 0.0343796711509716 0.4051724137931034
5 0.5388639760837071 0.5689655172413793 0.044095665171898356 0.40086206896551724
5 0.6218236173393124 0.5474137931034483 0.04185351270553064 0.375
5 0.70254110612855 0.5474137931034483 0.03736920777279522 0.38362068965517243
5 0.7698056801195815 0.5431034482758621 0.04185351270553064 0.36637931034482757
5 0.8527653213751868 0.5560344827586207 0.04185351270553064 0.34913793103448276
5 0.9364723467862481 0.5560344827586207 0.0343796711509716 0.34913793103448276