3 0.06726457399103139 0.5732758620689655 0.033632286995515695 0.3620689655172414
3 0.15097159940209268 0.5862068965517241 0.03662182361733931 0.3620689655172414
3 0.22944693572496264 0.5775862068965517 0.030642750373692077 0.3706896551724138
3 0.29895366218236175 0.5732758620689655 0.03886397608370702 0.3620689655172414
3 0.3819133034379671 0.5775862068965517 0.03736920777279522 0.38362068965517243
3 0.4648729446935725 0.5775862068965517 0.03811659192825112 0.3706896551724138
3 0.5298953662182362 0.5775862068965517 0.04035874439461883 0.3275862068965517
3 0.6106128550074739 0.5818965517241379 0.0343796711509716 0.3879310344827586
3 0.6928251121076233 0.5732758620689655 0.03811659192825112 0.3706896551724138
3 0.7765321375186846 0.5818965517241379 0.03587443946188341 0.3793103448275862
3 0.8557548579970105 0.5905172413793104 0.03811659192825112 0.34913793103448276
3 0.9364723467862481 0.5862068965517241 0.03587443946188341 0.3879310344827586