2 0.07772795216741404 0.5905172413793104 0.03662182361733931 0.40948275862068967
2 0.14499252615844543 0.5991379310344828 0.03587443946188341 0.3706896551724138
2 0.2257100149476831 0.5862068965517241 0.035127055306427506 0.36637931034482757
2 0.30792227204783257 0.5818965517241379 0.0343796711509716 0.33189655172413796
2 0.3863976083707025 0.5991379310344828 0.0343796711509716 0.3577586206896552
2 0.47159940209267565 0.5862068965517241 0.043348281016442454 0.36637931034482757
2 0.5381165919282511 0.5991379310344828 0.04035874439461883 0.36637931034482757
2 0.6188340807174888 0.5862068965517241 0.03587443946188341 0.375
2 0.7010463378176383 0.5818965517241379 0.03886397608370702 0.3232758620689655
2 0.7720478325859492 0.5818965517241379 0.03662182361733931 0.33620689655172414
2 0.852017937219731 0.5991379310344828 0.03736920777279522 0.36637931034482757
2 0.9334828101644245 0.5948275862068966 0.03886397608370702 0.33620689655172414