6 0.07100149476831091 0.5646551724137931 0.04035874439461883 0.3577586206896552
6 0.1532137518684604 0.5775862068965517 0.04035874439461883 0.34913793103448276
6 0.23467862481315396 0.5818965517241379 0.03961136023916293 0.3879310344827586
6 0.3034379671150972 0.5732758620689655 0.03288490284005979 0.3146551724137931
6 0.3841554559043348 0.5603448275862069 0.03662182361733931 0.30603448275862066
6 0.4656203288490284 0.5775862068965517 0.03736920777279522 0.33620689655172414
6 0.5485799701046338 0.5560344827586207 0.03961136023916293 0.33620689655172414
6 0.6143497757847534 0.5732758620689655 0.04035874439461883 0.33189655172413796
6 0.6988041853512705 0.5560344827586207 0.03736920777279522 0.33620689655172414
6 0.7780269058295964 0.5732758620689655 0.03886397608370702 0.3620689655172414
6 0.85949177877429 0.5603448275862069 0.035127055306427506 0.33189655172413796
6 0.9260089686098655 0.5689655172413793 0.03288490284005979 0.33189655172413796