8 0.06801195814648729 0.5689655172413793 0.0343796711509716 0.3793103448275862
8 0.1517189835575486 0.5560344827586207 0.033632286995515695 0.36637931034482757
8 0.23168908819133036 0.5474137931034483 0.03736920777279522 0.30603448275862066
8 0.30119581464872947 0.5646551724137931 0.03961136023916293 0.3103448275862069
8 0.3819133034379671 0.5646551724137931 0.03139013452914798 0.3017241379310345
8 0.4641255605381166 0.5603448275862069 0.03736920777279522 0.29310344827586204
8 0.5440956651718983 0.5646551724137931 0.03288490284005979 0.3275862068965517
8 0.6263079222720478 0.5517241379310345 0.03587443946188341 0.3448275862068966
8 0.6965620328849028 0.5689655172413793 0.03587443946188341 0.2801724137931034
8 0.7742899850523169 0.5431034482758621 0.03961136023916293 0.3448275862068966
8 0.8602391629297459 0.5732758620689655 0.03736920777279522 0.33189655172413796
8 0.9260089686098655 0.5517241379310345 0.03886397608370702 0.35344827586206895