1 0.07025411061285501 0.5732758620689655 0.04633781763826607 0.3706896551724138
1 0.1517189835575486 0.5732758620689655 0.03288490284005979 0.3620689655172414
1 0.23243647234678624 0.5689655172413793 0.04110612855007474 0.35344827586206895
1 0.30493273542600896 0.5517241379310345 0.03961136023916293 0.3706896551724138
1 0.3834080717488789 0.5732758620689655 0.03961136023916293 0.33189655172413796
1 0.46263079222720477 0.5689655172413793 0.03662182361733931 0.3879310344827586
1 0.5485799701046338 0.5603448275862069 0.03811659192825112 0.33189655172413796
1 0.6278026905829597 0.5517241379310345 0.03288490284005979 0.34913793103448276
1 0.7100149476831091 0.5732758620689655 0.033632286995515695 0.34913793103448276
1 0.7802690582959642 0.5732758620689655 0.03886397608370702 0.40086206896551724
1 0.8632286995515696 0.5560344827586207 0.03736920777279522 0.38362068965517243
1 0.9446935724962631 0.5775862068965517 0.03961136023916293 0.40086206896551724