8 0.06950672645739911 0.5560344827586207 0.03886397608370702 0.34051724137931033
8 0.1517189835575486 0.5603448275862069 0.035127055306427506 0.33189655172413796
8 0.23168908819133036 0.5646551724137931 0.03736920777279522 0.34051724137931033
8 0.30119581464872947 0.5431034482758621 0.03662182361733931 0.3275862068965517
8 0.3796711509715994 0.5560344827586207 0.0343796711509716 0.34913793103448276
8 0.4641255605381166 0.5560344827586207 0.03811659192825112 0.33620689655172414
8 0.5448430493273543 0.5646551724137931 0.03662182361733931 0.34051724137931033
8 0.6278026905829597 0.5560344827586207 0.0343796711509716 0.33620689655172414
8 0.6935724962630793 0.5517241379310345 0.035127055306427506 0.3017241379310345
8 0.7750373692077728 0.5603448275862069 0.03811659192825112 0.33620689655172414
8 0.8587443946188341 0.5560344827586207 0.035127055306427506 0.34051724137931033
8 0.9282511210762332 0.5431034482758621 0.03961136023916293 0.36637931034482757