3 0.9417040358744395 0.5862068965517241 0.03961136023916293 0.3620689655172414
3 0.8572496263079222 0.5862068965517241 0.03886397608370702 0.38362068965517243
3 0.7765321375186846 0.5775862068965517 0.03961136023916293 0.3922413793103448
3 0.695067264573991 0.5818965517241379 0.03587443946188341 0.3448275862068966
3 0.6136023916292974 0.5905172413793104 0.03662182361733931 0.3879310344827586
3 0.5306427503736921 0.5991379310344828 0.03811659192825112 0.375
3 0.4641255605381166 0.5603448275862069 0.03811659192825112 0.3620689655172414
3 0.3819133034379671 0.5818965517241379 0.033632286995515695 0.3706896551724138
3 0.3004484304932735 0.5905172413793104 0.030642750373692077 0.3706896551724138
3 0.23094170403587444 0.5732758620689655 0.03811659192825112 0.34051724137931033
3 0.1517189835575486 0.5646551724137931 0.035127055306427506 0.3577586206896552
3 0.06801195814648729 0.5862068965517241 0.03811659192825112 0.36637931034482757