6 0.07249626307922272 0.5862068965517241 0.042600896860986545 0.375
6 0.15396113602391628 0.5775862068965517 0.04110612855007474 0.3577586206896552
6 0.23542600896860988 0.5732758620689655 0.03587443946188341 0.3448275862068966
6 0.30493273542600896 0.5603448275862069 0.03961136023916293 0.33620689655172414
6 0.38565022421524664 0.5689655172413793 0.03811659192825112 0.3275862068965517
6 0.4656203288490284 0.5603448275862069 0.03961136023916293 0.3232758620689655
6 0.547085201793722 0.5646551724137931 0.0343796711509716 0.3017241379310345
6 0.6150971599402093 0.5689655172413793 0.0343796711509716 0.3275862068965517
6 0.6973094170403588 0.5732758620689655 0.035127055306427506 0.3146551724137931
6 0.7795216741405082 0.5689655172413793 0.0343796711509716 0.3232758620689655
6 0.8602391629297459 0.5517241379310345 0.03886397608370702 0.31896551724137934
6 0.9267563527653214 0.5646551724137931 0.03587443946188341 0.3146551724137931