4 0.07548579970104634 0.5818965517241379 0.04035874439461883 0.33189655172413796
4 0.14499252615844543 0.6077586206896551 0.045590433482810166 0.3620689655172414
4 0.2234678624813154 0.5732758620689655 0.03811659192825112 0.3448275862068966
4 0.30568011958146485 0.5775862068965517 0.03662182361733931 0.34913793103448276
4 0.3863976083707025 0.5775862068965517 0.04185351270553064 0.3448275862068966
4 0.4701046337817638 0.5818965517241379 0.03662182361733931 0.31896551724137934
4 0.5523168908819133 0.5862068965517241 0.03811659192825112 0.3103448275862069
4 0.617339312406577 0.5991379310344828 0.04110612855007474 0.35344827586206895
4 0.7017937219730942 0.5818965517241379 0.03961136023916293 0.33189655172413796
4 0.7675635276532138 0.5948275862068966 0.042600896860986545 0.3577586206896552
4 0.8490284005979073 0.5905172413793104 0.042600896860986545 0.34051724137931033
4 0.9312406576980568 0.6077586206896551 0.04783258594917788 0.3706896551724138