2 0.9349775784753364 0.5905172413793104 0.03811659192825112 0.35344827586206895
2 0.8527653213751868 0.5948275862068966 0.03811659192825112 0.35344827586206895
2 0.7705530642750373 0.5991379310344828 0.04708520179372197 0.3793103448275862
2 0.7017937219730942 0.5905172413793104 0.03811659192825112 0.33189655172413796
2 0.6203288490284006 0.5948275862068966 0.04110612855007474 0.33620689655172414
2 0.5388639760837071 0.5991379310344828 0.03662182361733931 0.34913793103448276
2 0.46860986547085204 0.5862068965517241 0.04110612855007474 0.3232758620689655
2 0.38863976083707025 0.5948275862068966 0.033632286995515695 0.3146551724137931
2 0.3064275037369208 0.5905172413793104 0.03587443946188341 0.3103448275862069
2 0.2249626307922272 0.5905172413793104 0.03736920777279522 0.34913793103448276
2 0.14499252615844543 0.5862068965517241 0.03736920777279522 0.33620689655172414
2 0.07473841554559044 0.5862068965517241 0.03587443946188341 0.3448275862068966